text_weight=0.7161489405320924
numeric_weight=0.28385105946790756
