text_weight=0.7414253450540653
numeric_weight=0.2585746549459347
